lastAccountName: milkshakes09
timestamps:
  login: 1627899402471
  logout: 1627902290832
ipAddress: 180.244.167.53
logoutlocation:
  world: world
  x: -2304.3842231911412
  y: 117.0
  z: -1704.5145885280472
  yaw: -138.8181
  pitch: 16.66107
lastlocation:
  world: world
  x: -2293.8247463651187
  y: 111.0
  z: -1705.4467068178867
  yaw: -127.68628
  pitch: 7.8485327
