lastAccountName: milkshakes09
timestamps:
  login: 1628150978369
  logout: 1628151947010
  lastteleport: 1628149098168
ipAddress: 180.244.168.84
logoutlocation:
  world: world
  x: -2149.045554483413
  y: 83.8500000178814
  z: -3713.6273650115336
  yaw: -56.003204
  pitch: 37.049995
lastlocation:
  world: world
  x: -2350.918141351804
  y: 58.0
  z: -1711.477622716573
  yaw: 108.63991
  pitch: 6.1494746
nickname: menggokil
money: '153381.069999999999182'
homes:
  home:
    world: world
    x: -2282.5885048564696
    y: 117.0
    z: -1704.5534148561815
    yaw: 88.07715
    pitch: 19.799599
  basalt:
    world: world_nether
    x: -781.842945938949
    y: 10.0
    z: -502.9213954723688
    yaw: 90.9881
    pitch: 0.5234232
afk: false
