lastAccountName: milkshakes09
timestamps:
  login: 1628485490989
  logout: 1628453834855
  lastteleport: 1628488259326
ipAddress: 118.96.38.222
logoutlocation:
  world: world
  x: -2292.4868449380783
  y: 117.5
  z: -1703.9464874090443
  yaw: -82.32396
  pitch: 14.2496195
lastlocation:
  world: world
  x: -2364.8787716192824
  y: 65.0
  z: -1642.4455503737308
  yaw: -112.48755
  pitch: 7.187587
nickname: menggokil
money: '218911.499999999998838'
homes:
  home:
    world: world
    x: -2282.5885048564696
    y: 117.0
    z: -1704.5534148561815
    yaw: 88.07715
    pitch: 19.799599
  sea:
    world: world
    x: 644.7857314596347
    y: 65.0
    z: 3384.6935989659382
    yaw: -81.95564
    pitch: 35.24967
  basalt:
    world: world_nether
    x: 461.7540354162975
    y: 119.0
    z: 671.7859790406073
    yaw: 157.56604
    pitch: 19.40007
afk: false
mail:
- §6[§rchokoVanill§6] §rpls send me nudes
