lastAccountName: milkshakes09
timestamps:
  login: 1628247103990
  logout: 1628247381101
  lastteleport: 1628194303020
ipAddress: 125.166.157.205
logoutlocation:
  world: world
  x: -2290.762499988079
  y: 117.0
  z: -1701.3107480799902
  yaw: 64.05781
  pitch: 8.790017
lastlocation:
  world: world
  x: -2985.976766674259
  y: 67.0
  z: -1920.9121361691593
  yaw: 98.28095
  pitch: 22.499926
nickname: menggokil
money: '152830.169999999999182'
homes:
  home:
    world: world
    x: -2282.5885048564696
    y: 117.0
    z: -1704.5534148561815
    yaw: 88.07715
    pitch: 19.799599
  basalt:
    world: world_nether
    x: -781.842945938949
    y: 10.0
    z: -502.9213954723688
    yaw: 90.9881
    pitch: 0.5234232
  swamp:
    world: world
    x: -2349.567831278665
    y: 63.09375
    z: -193.8061908180896
    yaw: 102.40743
    pitch: 22.446241
afk: false
