lastAccountName: milkshakes09
timestamps:
  login: 1628359445439
  logout: 1628371109954
  lastteleport: 1628370934149
ipAddress: 180.244.175.108
logoutlocation:
  world: world
  x: -2293.922715758806
  y: 111.0
  z: -1706.0537460267317
  yaw: 152.18103
  pitch: -1.0595764
lastlocation:
  world: world
  x: -2282.0849835122704
  y: 77.0
  z: -1624.6872879523264
  yaw: -158.16492
  pitch: 26.034567
nickname: menggokil
money: '218325.149999999998878'
homes:
  home:
    world: world
    x: -2282.5885048564696
    y: 117.0
    z: -1704.5534148561815
    yaw: 88.07715
    pitch: 19.799599
  sea:
    world: world
    x: 644.7857314596347
    y: 65.0
    z: 3384.6935989659382
    yaw: -81.95564
    pitch: 35.24967
  basalt:
    world: world_nether
    x: 461.7540354162975
    y: 119.0
    z: 671.7859790406073
    yaw: 157.56604
    pitch: 19.40007
afk: false
mail:
- §6[§rchokoVanill§6] §rpls send me nudes
