lastAccountName: milkshakes09
timestamps:
  login: 1627918896541
  logout: 1627940581425
  lastteleport: 1627938606928
ipAddress: 180.244.167.53
logoutlocation:
  world: world
  x: -2280.6766834538307
  y: 117.5625
  z: -1698.300000011921
  yaw: 112.88135
  pitch: 15.791815
lastlocation:
  world: world
  x: -2554.809683551159
  y: 29.0
  z: -1632.477066312754
  yaw: -107.07611
  pitch: 32.91382
nickname: mengontol
money: '10758.88'
