lastAccountName: milkshakes09
timestamps:
  login: 1628054834912
  logout: 1628054995187
  lastteleport: 1628054851891
ipAddress: 180.244.169.194
logoutlocation:
  world: world
  x: -2284.062037757603
  y: 117.0625
  z: -1701.9641761301386
  yaw: 39.68876
  pitch: 26.507696
lastlocation:
  world: world
  x: -2287.8058447907893
  y: 117.0
  z: -1702.2575684595265
  yaw: 52.10235
  pitch: 23.587812
nickname: menggokil
money: '42469.960000000000289'
homes:
  home:
    world: world
    x: -2282.5885048564696
    y: 117.0
    z: -1704.5534148561815
    yaw: 88.07715
    pitch: 19.799599
afk: false
