lastAccountName: milkshakes09
timestamps:
  login: 1628266297440
  logout: 1628267445053
  lastteleport: 1628194303020
ipAddress: 180.244.169.176
logoutlocation:
  world: world
  x: -2293.7719344088378
  y: 113.5
  z: -1701.300000011921
  yaw: 167.57104
  pitch: 27.15582
lastlocation:
  world: world
  x: -2985.976766674259
  y: 67.0
  z: -1920.9121361691593
  yaw: 98.28095
  pitch: 22.499926
nickname: menggokil
money: '153810.019999999999182'
homes:
  home:
    world: world
    x: -2282.5885048564696
    y: 117.0
    z: -1704.5534148561815
    yaw: 88.07715
    pitch: 19.799599
  basalt:
    world: world_nether
    x: -781.842945938949
    y: 10.0
    z: -502.9213954723688
    yaw: 90.9881
    pitch: 0.5234232
  swamp:
    world: world
    x: -2349.567831278665
    y: 63.09375
    z: -193.8061908180896
    yaw: 102.40743
    pitch: 22.446241
afk: false
mail:
- §6[§rchokoVanill§6] §rpls send me nudes
