lastAccountName: Blue2NetWork
timestamps:
  login: 1628354418689
  logout: 1628355226246
  lastteleport: 1628337641585
ipAddress: 139.255.161.241
afk: false
logoutlocation:
  world: world
  x: -2331.9404935278035
  y: 78.0
  z: -1848.8890465441264
  yaw: -124.875
  pitch: 20.585196
lastlocation:
  world: world
  x: -2383.5157118812494
  y: 63.0
  z: -1797.07307487482
  yaw: -48.533936
  pitch: 4.732071
homes:
  base:
    world: world
    x: -2367.116361799096
    y: 75.0
    z: -1845.9613878177288
    yaw: -135.88164
    pitch: 9.481469
  basalt:
    world: world_nether
    x: -153.60533343824613
    y: 53.0
    z: 668.5887517126158
    yaw: 26.933094
    pitch: -29.168404
  end:
    world: world_the_end
    x: 3834.3376365831414
    y: 117.0
    z: 1974.2192365915516
    yaw: 92.8374
    pitch: 9.858115
money: '979.3299999999997721'
nickname: hafizfsfsfsfsf
mail:
- §6[§rchokoVanill§6] §rpls send me nudes
