lastAccountName: Blue2NetWork
timestamps:
  login: 1628410691889
  logout: 1628411390505
  lastteleport: 1628410962225
ipAddress: 139.255.161.241
afk: false
logoutlocation:
  world: world
  x: 1147.7473503043116
  y: 29.0
  z: 2930.6217628044656
  yaw: -157.63872
  pitch: 4.053906
lastlocation:
  world: world
  x: -2287.4793608098016
  y: 104.47191781987158
  z: -1677.699999988079
  yaw: 177.38269
  pitch: 38.619186
homes:
  base:
    world: world
    x: -2367.116361799096
    y: 75.0
    z: -1845.9613878177288
    yaw: -135.88164
    pitch: 9.481469
  basalt:
    world: world_nether
    x: -153.60533343824613
    y: 53.0
    z: 668.5887517126158
    yaw: 26.933094
    pitch: -29.168404
  end:
    world: world_the_end
    x: 3834.3376365831414
    y: 117.0
    z: 1974.2192365915516
    yaw: 92.8374
    pitch: 9.858115
money: '979.3299999999997721'
nickname: hafizfsfsfsfsf
mail:
- §6[§rchokoVanill§6] §rpls send me nudes
