lastAccountName: Blue2NetWork
timestamps:
  login: 1628162036639
  logout: 1628162750002
  lastteleport: 1628151423036
ipAddress: 139.255.161.241
afk: false
logoutlocation:
  world: world_nether
  x: -144.2442339710397
  y: 54.0
  z: 686.389171850212
  yaw: -39.822266
  pitch: 5.413839
lastlocation:
  world: world_nether
  x: -376.30000001192093
  y: 11.0
  z: -66.3345052322361
  yaw: -12.022308
  pitch: 6.1399283
homes:
  home:
    world: world
    x: -809.1855948734927
    y: 68.0
    z: 928.5340000760524
    yaw: -102.806885
    pitch: 21.281185
  base:
    world: world
    x: -2367.116361799096
    y: 75.0
    z: -1845.9613878177288
    yaw: -135.88164
    pitch: 9.481469
  basalt:
    world: world_nether
    x: -153.60533343824613
    y: 53.0
    z: 668.5887517126158
    yaw: 26.933094
    pitch: -29.168404
money: '19366.519999999999936'
nickname: hafizfsfsfsfsf
