lastAccountName: Blue2NetWork
timestamps:
  login: 1628230674689
  logout: 1628236830359
  lastteleport: 1628236674725
ipAddress: 180.244.163.73
afk: false
logoutlocation:
  world: world
  x: -2326.1711729145086
  y: 24.0
  z: -1844.300000011921
  yaw: 85.420654
  pitch: 21.786331
lastlocation:
  world: world
  x: -2328.537959257624
  y: 55.0
  z: -1848.9671864289885
  yaw: -6.5546875
  pitch: -0.42671445
homes:
  home:
    world: world
    x: -809.1855948734927
    y: 68.0
    z: 928.5340000760524
    yaw: -102.806885
    pitch: 21.281185
  base:
    world: world
    x: -2367.116361799096
    y: 75.0
    z: -1845.9613878177288
    yaw: -135.88164
    pitch: 9.481469
  basalt:
    world: world_nether
    x: -153.60533343824613
    y: 53.0
    z: 668.5887517126158
    yaw: 26.933094
    pitch: -29.168404
money: '7540.5099999999996121'
nickname: hafizfsfsfsfsf
