lastAccountName: Blue2NetWork
timestamps:
  login: 1628267698741
  logout: 1628270367999
  lastteleport: 1628270270956
ipAddress: 139.255.161.241
afk: false
logoutlocation:
  world: world
  x: -2354.525979366048
  y: 76.0
  z: -1839.1062216658113
  yaw: -138.78293
  pitch: 15.791769
lastlocation:
  world: world
  x: -2318.362944690435
  y: 10.0
  z: -1858.2801356576106
  yaw: -154.80481
  pitch: 38.88659
homes:
  home:
    world: world
    x: -809.1855948734927
    y: 68.0
    z: 928.5340000760524
    yaw: -102.806885
    pitch: 21.281185
  base:
    world: world
    x: -2367.116361799096
    y: 75.0
    z: -1845.9613878177288
    yaw: -135.88164
    pitch: 9.481469
  basalt:
    world: world_nether
    x: -153.60533343824613
    y: 53.0
    z: 668.5887517126158
    yaw: 26.933094
    pitch: -29.168404
money: '605.4399999999996121'
nickname: hafizfsfsfsfsf
mail:
- §6[§rchokoVanill§6] §rpls send me nudes
