lastAccountName: Blue2NetWork
timestamps:
  login: 1628052351876
  logout: 1628047069204
  lastteleport: 1628058320560
ipAddress: 139.255.161.241
afk: false
logoutlocation:
  world: world
  x: -829.8369280714709
  y: 65.875
  z: 933.6999999880791
  yaw: -70.024414
  pitch: 18.504337
lastlocation:
  world: world
  x: -811.086240744199
  y: 32.0
  z: 923.9169610228668
  yaw: 66.58862
  pitch: 9.956739
homes:
  home:
    world: world
    x: -828.9666924379918
    y: 65.0
    z: 930.5798002329211
    yaw: 177.4585
    pitch: 4.7477636
money: '512.239999999999987'
nickname: hafizfsfsfsfsf
