lastAccountName: Blue2NetWork
timestamps:
  login: 1627913637518
  logout: 1627920369541
ipAddress: 139.255.161.241
afk: false
logoutlocation:
  world: world
  x: -845.129974042628
  y: 46.0
  z: 925.910082165063
  yaw: 144.36328
  pitch: 9.970112
