lastAccountName: Blue2NetWork
timestamps:
  login: 1628580468902
  logout: 1628581884950
  lastteleport: 1628580527732
ipAddress: 139.255.161.241
afk: false
logoutlocation:
  world: world
  x: -2366.317541282014
  y: 75.0
  z: -1845.5880265293126
  yaw: -80.42139
  pitch: 6.0569873
lastlocation:
  world: world
  x: 1143.9903939813141
  y: 23.0
  z: 2981.5294066519023
  yaw: 67.26903
  pitch: 41.3478
homes:
  base:
    world: world
    x: -2367.116361799096
    y: 75.0
    z: -1845.9613878177288
    yaw: -135.88164
    pitch: 9.481469
  basalt:
    world: world_nether
    x: -153.60533343824613
    y: 53.0
    z: 668.5887517126158
    yaw: 26.933094
    pitch: -29.168404
  end:
    world: world_the_end
    x: 3834.3376365831414
    y: 117.0
    z: 1974.2192365915516
    yaw: 92.8374
    pitch: 9.858115
money: '979.3299999999997721'
nickname: hafizfsfsfsfsf
mail:
- §6[§rchokoVanill§6] §rpls send me nudes
