lastAccountName: anginhihi
timestamps:
  login: 1628486933189
  logout: 1628456258499
  lastteleport: 1628488322928
ipAddress: 118.137.216.238
logoutlocation:
  world: world
  x: -2263.5938236802344
  y: 93.0
  z: -1672.491923626659
  yaw: 34.192017
  pitch: 7.054254
lastlocation:
  world: world
  x: -2378.9078366755025
  y: 63.0
  z: -1638.445242330984
  yaw: -129.8415
  pitch: 19.941982
homes:
  home:
    world: world
    x: -2266.589791889124
    y: 89.0
    z: -1671.1878431339203
    yaw: -171.688
    pitch: 22.369995
  pm:
    world: world
    x: -11542.479664919045
    y: 42.0
    z: -11415.699999988079
    yaw: 48.367615
    pitch: 50.76068
  j:
    world: world
    x: -6218.2231188725045
    y: 65.0
    z: -6297.593765653408
    yaw: -46.299335
    pitch: 9.134587
money: '255.56'
mail:
- §6[§rchokoVanill§6] §rpls send me nudes
afk: false
nickname: inlovewithdeath
