lastAccountName: anginhihi
timestamps:
  login: 1628540882395
  logout: 1628541289999
  lastteleport: 1628541286613
ipAddress: 118.137.216.238
logoutlocation:
  world: world
  x: -2266.5
  y: 89.0
  z: -1671.5
  yaw: -171.688
  pitch: 22.369995
lastlocation:
  world: world
  x: -2570.3932861491126
  y: 71.0
  z: -1574.0535090508633
  yaw: 122.7677
  pitch: 17.839487
homes:
  home:
    world: world
    x: -2266.589791889124
    y: 89.0
    z: -1671.1878431339203
    yaw: -171.688
    pitch: 22.369995
  pm:
    world: world
    x: -11542.479664919045
    y: 42.0
    z: -11415.699999988079
    yaw: 48.367615
    pitch: 50.76068
  j:
    world: world
    x: -12312.971952943566
    y: 64.0
    z: -12747.263630654164
    yaw: 120.95595
    pitch: 14.878525
money: '1049.48'
mail:
- §6[§rchokoVanill§6] §rpls send me nudes
afk: false
nickname: inlovewithdeath
