lastAccountName: anginhihi
timestamps:
  login: 1628402314500
  logout: 1628399830798
  lastteleport: 1628402442015
ipAddress: 118.137.216.238
logoutlocation:
  world: world
  x: -2254.314880862478
  y: 93.0
  z: -1673.5744982860263
  yaw: -26.43106
  pitch: 20.63712
lastlocation:
  world: world
  x: -2296.195458959682
  y: 113.0
  z: -1678.638019093424
  yaw: -101.04437
  pitch: 18.656908
homes:
  home:
    world: world
    x: -2262.8082330185352
    y: 89.0
    z: -1672.824864219348
    yaw: -1.594367
    pitch: 24.466293
  pm:
    world: world
    x: -3441.300000011921
    y: 64.0
    z: -3201.300000011921
    yaw: -26.771606
    pitch: 12.106842
  j:
    world: world
    x: -3376.3972737726494
    y: 75.0
    z: -3570.7901538241044
    yaw: -150.30261
    pitch: 20.338058
money: '655.56'
mail:
- §6[§rchokoVanill§6] §rpls send me nudes
