lastAccountName: anginhihi
timestamps:
  login: 1628751771209
  logout: 1628754084535
  lastteleport: 1628754011210
ipAddress: 118.137.216.238
logoutlocation:
  world: world
  x: -2270.442796478884
  y: 88.0
  z: -1669.7350537910738
  yaw: 155.65799
  pitch: 7.9136915
lastlocation:
  world: world
  x: -2232.1843992509366
  y: 63.0
  z: -1651.6740196556882
  yaw: 103.18713
  pitch: 0.6806917
homes:
  pm:
    world: world
    x: -11597.167931585516
    y: 21.0
    z: -11606.949543994751
    yaw: -152.19116
    pitch: 14.168201
  j:
    world: world
    x: -3596.4602670297168
    y: 75.0
    z: -2038.9121645315358
    yaw: 94.613174
    pitch: 23.932257
  h:
    world: world
    x: -2269.3168069893654
    y: 88.5
    z: -1671.9085032639632
    yaw: -171.688
    pitch: 22.369995
money: '1488.52'
mail:
- §6[§rchokoVanill§6] §rpls send me nudes
afk: false
nickname: yormomgey
