lastAccountName: anginhihi
timestamps:
  login: 1628182065089
  logout: 1628182365811
  lastteleport: 1628118354969
ipAddress: 118.137.216.238
logoutlocation:
  world: world
  x: -2256.4223349347503
  y: 88.0
  z: -1673.9767237739566
  yaw: -73.99719
  pitch: 41.057552
lastlocation:
  world: world
  x: -2255.7730711593235
  y: 76.0
  z: -1634.816943311355
  yaw: -16.344013
  pitch: 16.098621
homes:
  home:
    world: world
    x: -2262.8082330185352
    y: 89.0
    z: -1672.824864219348
    yaw: -1.594367
    pitch: 24.466293
money: '10.50'
mail:
- §6[§rchokoVanill§6] §rpls send me nudes
