lastAccountName: anginhihi
timestamps:
  login: 1628117910126
  logout: 1628118601195
  lastteleport: 1628118354969
ipAddress: 118.137.216.238
logoutlocation:
  world: world
  x: -2271.499759788306
  y: 96.0
  z: -1679.0312967630098
  yaw: 92.46808
  pitch: 14.701849
lastlocation:
  world: world
  x: -2255.7730711593235
  y: 76.0
  z: -1634.816943311355
  yaw: -16.344013
  pitch: 16.098621
homes:
  home:
    world: world
    x: -2262.8082330185352
    y: 89.0
    z: -1672.824864219348
    yaw: -1.594367
    pitch: 24.466293
money: '10.50'
