lastAccountName: Asep Penyu
timestamps:
  login: 1628088505433
  logout: 1628095232209
  lastteleport: 1628095030754
ipAddress: 182.30.34.51
lastlocation:
  world: world
  x: -838.5506556143528
  y: 67.0
  z: 932.859777216608
  yaw: 86.10303
  pitch: 50.596844
logoutlocation:
  world: world
  x: -810.637107631791
  y: 32.0
  z: 924.2757867339776
  yaw: 165.99365
  pitch: 22.983334
money: '313.03'
afk: false
homes:
  a:
    world: world
    x: -815.9725021625175
    y: 65.0
    z: 931.669768260924
    yaw: -98.73313
    pitch: 28.916996
  b:
    world: world
    x: -631.1519992756492
    y: 89.0
    z: 900.2985405508994
    yaw: 85.291626
    pitch: 20.61603
  c:
    world: world
    x: -2297.4223128048916
    y: 28.0
    z: -1678.6881465580495
    yaw: 9.844543
    pitch: 1.0301064
