lastAccountName: Asep Penyu
timestamps:
  login: 1628055419689
  logout: 1628008478474
  lastteleport: 1628055882461
ipAddress: 182.30.34.51
lastlocation:
  world: world
  x: -830.2737185671471
  y: 66.0
  z: 935.7156757106453
  yaw: -164.8247
  pitch: 14.052014
logoutlocation:
  world: world
  x: -814.4797795668871
  y: 65.0
  z: 930.6999999880791
  yaw: 169.56584
  pitch: 17.616302
