lastAccountName: Asep Penyu
timestamps:
  login: 1627914908166
  logout: 1627921095947
ipAddress: 182.30.34.51
lastlocation:
  world: world
  x: -806.7247514106037
  y: 68.0
  z: 931.2243902371945
  yaw: 81.97125
  pitch: 11.974873
logoutlocation:
  world: world
  x: -821.7752907083539
  y: 68.0
  z: 930.4026393385011
  yaw: -107.46735
  pitch: 8.567463
