lastAccountName: Asep Penyu
timestamps:
  login: 1628267975972
  logout: 1628270376897
  lastteleport: 1628240292877
ipAddress: 182.30.34.51
lastlocation:
  world: world
  x: -2389.6035613299796
  y: 85.0
  z: -1870.0112777847817
  yaw: 70.91138
  pitch: 38.835285
logoutlocation:
  world: world
  x: -2388.3517639955394
  y: 85.0
  z: -1868.8725000001386
  yaw: 1.2998047
  pitch: 10.976547
money: '4272.6999999999998'
afk: false
homes:
  a:
    world: world
    x: -815.9725021625175
    y: 65.0
    z: 931.669768260924
    yaw: -98.73313
    pitch: 28.916996
  b:
    world: world
    x: -631.1519992756492
    y: 89.0
    z: 900.2985405508994
    yaw: 85.291626
    pitch: 20.61603
  c:
    world: world
    x: -2364.8231696783905
    y: 77.0
    z: -1834.177587769887
    yaw: 83.707275
    pitch: 29.94405
mail:
- §6[§rchokoVanill§6] §rpls send me nudes
