lastAccountName: Asep Penyu
timestamps:
  login: 1628144380639
  logout: 1628155474104
  lastteleport: 1628154988305
ipAddress: 182.30.34.51
lastlocation:
  world: world_nether
  x: -574.1207879327508
  y: 13.0
  z: -239.07980943222952
  yaw: -165.07324
  pitch: 18.621576
logoutlocation:
  world: world
  x: -829.4054986853313
  y: 66.0
  z: 932.190327379869
  yaw: -152.01965
  pitch: 31.826239
money: '5869.83'
afk: false
homes:
  a:
    world: world
    x: -815.9725021625175
    y: 65.0
    z: 931.669768260924
    yaw: -98.73313
    pitch: 28.916996
  b:
    world: world
    x: -631.1519992756492
    y: 89.0
    z: 900.2985405508994
    yaw: 85.291626
    pitch: 20.61603
  c:
    world: world
    x: -2364.8231696783905
    y: 77.0
    z: -1834.177587769887
    yaw: 83.707275
    pitch: 29.94405
