lastAccountName: Asep Penyu
timestamps:
  login: 1628354602289
  logout: 1628355242645
  lastteleport: 1628350561821
ipAddress: 182.30.34.51
lastlocation:
  world: world
  x: -2367.7381013641725
  y: 77.0
  z: -1832.7760586882705
  yaw: -1.6311612
  pitch: 18.227686
logoutlocation:
  world: world
  x: -2330.4819480464457
  y: 78.5
  z: -1843.2488645190278
  yaw: -156.22949
  pitch: 20.1174
money: '281.87999999999982'
afk: false
homes:
  a:
    world: world
    x: -815.9725021625175
    y: 65.0
    z: 931.669768260924
    yaw: -98.73313
    pitch: 28.916996
  b:
    world: world
    x: -631.1519992756492
    y: 89.0
    z: 900.2985405508994
    yaw: 85.291626
    pitch: 20.61603
  c:
    world: world
    x: -2364.8231696783905
    y: 77.0
    z: -1834.177587769887
    yaw: 83.707275
    pitch: 29.94405
mail:
- §6[§rchokoVanill§6] §rpls send me nudes
