lastAccountName: Menzelle
timestamps:
  login: 1628356202439
  logout: 1628356271105
  lastteleport: 1628356256254
ipAddress: 182.253.250.143
logoutlocation:
  world: world
  x: -124.10889443876586
  y: 73.0
  z: 238.69999998807907
  yaw: 18.450365
  pitch: -3.7499938
lastlocation:
  world: world
  x: -141.04102554180344
  y: 69.0
  z: 210.9938380806386
  yaw: -35.1
  pitch: -1.2000053
