lastAccountName: JuniorGamingPro
timestamps:
  login: 1627914677468
  logout: 1627927468086
ipAddress: 182.253.250.172
logoutlocation:
  world: world
  x: -627.9583836828682
  y: 89.0
  z: 904.2179980794614
  yaw: -48.09381
  pitch: 38.39984
lastlocation:
  world: world
  x: -643.5151614011878
  y: 11.0
  z: 879.107859025227
  yaw: -109.886955
  pitch: -10.648984
money: '2136.90000000000044'
