lastAccountName: JuniorGamingPro
timestamps:
  login: 1628221009829
  logout: 1628245270697
  lastteleport: 1628243560749
ipAddress: 182.253.250.172
logoutlocation:
  world: world
  x: -2373.9896106666047
  y: 79.0625
  z: -1825.9656489993592
  yaw: -79.75256
  pitch: 0.89935106
lastlocation:
  world: world
  x: -638.861344204158
  y: 89.0
  z: 903.7197581491769
  yaw: -138.53156
  pitch: 7.9499717
money: '3485.21000000000181'
afk: false
nickname: Junior
homes:
  satu:
    world: world
    x: -631.1114835088258
    y: 89.0
    z: 900.2780915922485
    yaw: -125.17969
    pitch: 12.449907
  dua:
    world: world
    x: -2353.436019892504
    y: 77.0
    z: -1835.3139838674174
    yaw: -118.30737
    pitch: 14.400557
mail:
- §6[§rchokoVanill§6] §rpls send me nudes
