lastAccountName: JuniorGamingPro
timestamps:
  login: 1628055020078
  logout: 1628001858581
  lastteleport: 1627999568928
ipAddress: 182.253.250.172
logoutlocation:
  world: world
  x: -627.7335458522095
  y: 89.0
  z: 900.4980609855899
  yaw: 141.24707
  pitch: 23.249666
lastlocation:
  world: world
  x: -632.8519368290127
  y: 89.0
  z: 902.5657552697182
  yaw: 65.48901
  pitch: 9.150389
money: '3031.54000000000174'
afk: false
nickname: Junior
