lastAccountName: JuniorGamingPro
timestamps:
  login: 1628142485689
  logout: 1628154569957
  lastteleport: 1628154525952
ipAddress: 182.253.250.172
logoutlocation:
  world: world
  x: -627.273342283792
  y: 93.0
  z: 898.0270199955089
  yaw: 55.420757
  pitch: 22.049906
lastlocation:
  world: world
  x: -2353.2882747156436
  y: 76.0
  z: -1843.3525095410232
  yaw: -50.81244
  pitch: 0.15011103
money: '2843.44000000000175'
afk: false
nickname: Junior
homes:
  satu:
    world: world
    x: -631.1114835088258
    y: 89.0
    z: 900.2780915922485
    yaw: -125.17969
    pitch: 12.449907
  dua:
    world: world
    x: -2353.436019892504
    y: 77.0
    z: -1835.3139838674174
    yaw: -118.30737
    pitch: 14.400557
