lastAccountName: JuniorGamingPro
timestamps:
  login: 1627902381394
  logout: 1627903302046
ipAddress: 182.253.250.172
logoutlocation:
  world: world
  x: -628.4007814056926
  y: 89.0
  z: 899.5134903097704
  yaw: -73.48704
  pitch: 29.699928
lastlocation:
  world: world
  x: -643.5151614011878
  y: 11.0
  z: 879.107859025227
  yaw: -109.886955
  pitch: -10.648984
