lastAccountName: JuniorGamingPro
timestamps:
  login: 1628338692089
  logout: 1628354179847
  lastteleport: 1628347213068
ipAddress: 182.253.250.172
logoutlocation:
  world: world
  x: -2367.0119102481476
  y: 77.0
  z: -1821.8653266093543
  yaw: -163.08289
  pitch: 12.900318
lastlocation:
  world: world
  x: -2367.7419159303963
  y: 77.0
  z: -1827.335452199324
  yaw: -169.4491
  pitch: 16.800552
money: '1641.71000000000181'
afk: false
nickname: Junior
homes:
  satu:
    world: world
    x: -631.1114835088258
    y: 89.0
    z: 900.2780915922485
    yaw: -125.17969
    pitch: 12.449907
  dua:
    world: world
    x: -2353.436019892504
    y: 77.0
    z: -1835.3139838674174
    yaw: -118.30737
    pitch: 14.400557
mail:
- §6[§rchokoVanill§6] §rpls send me nudes
