lastAccountName: JuniorGamingPro
timestamps:
  login: 1628515025689
  logout: 1628519445323
  lastteleport: 1628492835773
ipAddress: 182.253.250.172
logoutlocation:
  world: world
  x: -2366.453001484119
  y: 77.0
  z: -1822.072789594296
  yaw: 147.21484
  pitch: 8.100432
lastlocation:
  world: world
  x: -620.2470342673777
  y: 89.0
  z: 907.4021180528354
  yaw: 10.426113
  pitch: 5.2498517
money: '5235.34000000000181'
afk: false
nickname: Junior
homes:
  satu:
    world: world
    x: -631.1114835088258
    y: 89.0
    z: 900.2780915922485
    yaw: -125.17969
    pitch: 12.449907
  dua:
    world: world
    x: -2353.436019892504
    y: 77.0
    z: -1835.3139838674174
    yaw: -118.30737
    pitch: 14.400557
  farm:
    world: world
    x: 645.1761920143084
    y: 64.0
    z: 3384.851756860108
    yaw: 160.00781
    pitch: 18.149446
mail:
- §6[§rchokoVanill§6] §rpls send me nudes
