lastAccountName: JuniorGamingPro
timestamps:
  login: 1628487991860
  logout: 1628412194648
  lastteleport: 1628411605354
ipAddress: 182.253.250.172
logoutlocation:
  world: world
  x: -2367.110911641136
  y: 77.0625
  z: -1825.0848316472052
  yaw: -26.713837
  pitch: 16.650227
lastlocation:
  world: world
  x: 671.8633689875244
  y: 44.0
  z: 3338.386320626788
  yaw: 84.372925
  pitch: 17.699972
money: '1808.16000000000181'
afk: false
nickname: Junior
homes:
  satu:
    world: world
    x: -631.1114835088258
    y: 89.0
    z: 900.2780915922485
    yaw: -125.17969
    pitch: 12.449907
  dua:
    world: world
    x: -2353.436019892504
    y: 77.0
    z: -1835.3139838674174
    yaw: -118.30737
    pitch: 14.400557
  farm:
    world: world
    x: 645.1761920143084
    y: 64.0
    z: 3384.851756860108
    yaw: 160.00781
    pitch: 18.149446
mail:
- §6[§rchokoVanill§6] §rpls send me nudes
