lastAccountName: JuniorGamingPro
timestamps:
  login: 1628580538189
  logout: 1628582539349
  lastteleport: 1628582490606
ipAddress: 182.253.250.183
logoutlocation:
  world: world
  x: -2368.325960397234
  y: 77.0
  z: -1823.6680158466474
  yaw: -11.057956
  pitch: 18.299728
lastlocation:
  world: world
  x: 1601.9159008865697
  y: 70.0
  z: -1275.2051135865229
  yaw: 91.979004
  pitch: 4.2003193
money: '4987.34000000000181'
afk: false
nickname: Junior
homes:
  satu:
    world: world
    x: -631.1114835088258
    y: 89.0
    z: 900.2780915922485
    yaw: -125.17969
    pitch: 12.449907
  dua:
    world: world
    x: -2353.436019892504
    y: 77.0
    z: -1835.3139838674174
    yaw: -118.30737
    pitch: 14.400557
  farm:
    world: world
    x: 645.1761920143084
    y: 64.0
    z: 3384.851756860108
    yaw: 160.00781
    pitch: 18.149446
mail:
- §6[§rchokoVanill§6] §rpls send me nudes
