lastAccountName: NakAlip
timestamps:
  login: 1628092269751
  lastteleport: 1628100461426
  logout: 1628101334263
ipAddress: 180.244.168.129
lastlocation:
  world: world
  x: -2327.0656557926995
  y: 12.0
  z: -1695.4173983185358
  yaw: -2.2540283
  pitch: 0.90121454
money: '10240.5200000000000054'
logoutlocation:
  world: world
  x: -2362.4368050333337
  y: 70.0
  z: -1658.6305987956316
  yaw: 30.787842
  pitch: 12.3003845
homes:
  home:
    world: world
    x: -2308.425000011921
    y: 98.25
    z: -1722.4607617968368
    yaw: -79.73132
    pitch: 7.649752
afk: false
