lastAccountName: NakAlip
timestamps:
  login: 1628018812296
  lastteleport: 1627929068112
  logout: 1628020664668
ipAddress: 180.244.168.107
lastlocation:
  world: world
  x: -2326.238820878744
  y: 82.0
  z: -1678.936045861458
  yaw: -85.03851
  pitch: 13.950564
money: '5329.4400000000000034'
logoutlocation:
  world: world
  x: -2306.1478184587854
  y: 98.0625
  z: -1732.4422521804897
  yaw: 14.323425
  pitch: 13.650277
