lastAccountName: NakAlip
timestamps:
  login: 1628236197189
  lastteleport: 1628195073421
  logout: 1628236905554
ipAddress: 180.244.168.129
lastlocation:
  world: world
  x: -2381.3170367313596
  y: 11.0
  z: -1657.0326299933392
  yaw: 85.07123
  pitch: -48.150352
money: '25891.7100000000000454'
logoutlocation:
  world: world
  x: -2362.966280142104
  y: 70.0
  z: -1659.7953324958619
  yaw: 33.48134
  pitch: 26.550022
homes:
  home:
    world: world
    x: -2334.401249552702
    y: 83.0
    z: -1659.3553953789035
    yaw: -176.86163
    pitch: -7.290932
afk: false
