lastAccountName: NakAlip
timestamps:
  login: 1628158739039
  lastteleport: 1628159437723
  logout: 1628158721948
ipAddress: 180.244.168.129
lastlocation:
  world: world
  x: -2292.717603052996
  y: 121.0
  z: -1632.4720702863124
  yaw: 76.61546
  pitch: 60.900528
money: '12700.3300000000000054'
logoutlocation:
  world: world
  x: -2361.9723776596375
  y: 70.0
  z: -1658.3243902335914
  yaw: -117.2594
  pitch: 17.4001
homes:
  home:
    world: world
    x: -2308.425000011921
    y: 98.25
    z: -1722.4607617968368
    yaw: -79.73132
    pitch: 7.649752
afk: true
