lastAccountName: Axelentien
timestamps:
  login: 1628518205589
  lastteleport: 1628318802462
  logout: 1628520562410
ipAddress: 110.138.55.75
lastlocation:
  world: world
  x: -2326.5557347593403
  y: 79.20997916170545
  z: -1542.8779451001403
  yaw: 179.83337
  pitch: 21.899738
logoutlocation:
  world: world
  x: -2309.5598518949614
  y: 89.5
  z: -1509.7803189583992
  yaw: -169.58423
  pitch: 28.65002
money: '1308.1500000000000005'
homes:
  home:
    world: world
    x: -2289.6857689697435
    y: 97.0
    z: -1585.4968777150148
    yaw: -156.80505
    pitch: 28.649656
afk: false
