lastAccountName: chokoVanill
timestamps:
  login: 1628156776239
  logout: 1628159384499
  lastteleport: 1628159272308
ipAddress: 106.69.44.229
money: '22222.7700000000000714'
logoutlocation:
  world: world
  x: -2290.907350247962
  y: 69.0
  z: -1739.0895180504137
  yaw: 170.53375
  pitch: 58.65006
lastlocation:
  world: world
  x: -2302.300000011921
  y: 63.0
  z: -1746.045033219921
  yaw: -89.15318
  pitch: -12.749976
afk: false
homes:
  jail:
    world: world
    x: -23973.69999998808
    y: 253.0
    z: -23971.986562901453
    yaw: -35.74524
    pitch: 9.599991
  mine:
    world: world
    x: -2831.580310486038
    y: 11.0
    z: -2274.411280006702
    yaw: -92.74926
    pitch: 47.400024
  day:
    world: world
    x: -2366.5
    y: 63.6875
    z: -1756.5
    yaw: 102.7987
    pitch: 0.0
  home:
    world: world
    x: -2303.351636315066
    y: 93.0
    z: -1719.0814976222587
    yaw: -98.0791
    pitch: 26.257856
nickname: §aTaki
