lastAccountName: chokoVanill
timestamps:
  login: 1627918279770
  logout: 1627922343190
  lastteleport: 1627922257259
ipAddress: 106.69.44.229
money: '909.250000000000009'
logoutlocation:
  world: world
  x: -2360.5641378458363
  y: 62.19752449704908
  z: -1748.8631836584243
  yaw: -173.31421
  pitch: 2.70004
lastlocation:
  world: world
  x: -2776.9711769557825
  y: 109.42665719645899
  z: -1579.8522030746878
  yaw: 76.92847
  pitch: 11.997693
