lastAccountName: chokoVanill
timestamps:
  login: 1628058130781
  logout: 1628058210176
  lastteleport: 1628058208713
ipAddress: 106.69.44.229
money: '2997.1600000000000477'
logoutlocation:
  world: world
  x: -2339.0629887734103
  y: 64.0
  z: -1740.1941252028691
  yaw: -90.36148
  pitch: 27.787243
lastlocation:
  world: world
  x: -2406.4237888201296
  y: 67.0
  z: -1731.7789961426886
  yaw: 49.97821
  pitch: -5.1106033
afk: false
homes:
  home:
    world: world
    x: -2327.332164083159
    y: 64.0
    z: -1770.925141690399
    yaw: 40.84875
    pitch: 12.201971
  mining:
    world: world
    x: -2440.6961362199695
    y: 12.0
    z: -1804.3009583625972
    yaw: 90.432465
    pitch: 23.759842
  jail:
    world: world
    x: -23973.69999998808
    y: 253.0
    z: -23971.986562901453
    yaw: -35.74524
    pitch: 9.599991
nickname: §aTaki
