lastAccountName: chokoVanill
timestamps:
  login: 1627896183971
  logout: 1627901903042
  lastteleport: 1627896896588
ipAddress: 106.69.44.229
money: '89.25'
logoutlocation:
  world: world
  x: -2387.368923706446
  y: 63.0
  z: -1767.0517128583547
  yaw: 162.73297
  pitch: -7.676395
lastlocation:
  world: world
  x: -906.0494398707021
  y: 57.077057964034985
  z: -222.94338680865627
  yaw: 163.22498
  pitch: 7.0499773
