lastAccountName: chokoVanill
timestamps:
  login: 1627868481170
  logout: 1627869148328
ipAddress: 106.69.44.229
money: '89.25'
logoutlocation:
  world: world
  x: -797.3221647543704
  y: 66.0
  z: 839.3041798003411
  yaw: -85.75417
  pitch: 9.780425
