lastAccountName: chokoVanill
timestamps:
  login: 1628090090709
  logout: 1628092535270
  lastteleport: 1628091739367
ipAddress: 106.69.44.229
money: '23936.3200000000001714'
logoutlocation:
  world: world
  x: -2361.0998992507484
  y: 64.0
  z: -1737.397476952338
  yaw: -147.72995
  pitch: 32.549973
lastlocation:
  world: world
  x: -2321.9844627276234
  y: 82.82971954789896
  z: -1686.6964947240867
  yaw: -114.61005
  pitch: -55.349968
afk: false
homes:
  home:
    world: world
    x: -2327.332164083159
    y: 64.0
    z: -1770.925141690399
    yaw: 40.84875
    pitch: 12.201971
  jail:
    world: world
    x: -23973.69999998808
    y: 253.0
    z: -23971.986562901453
    yaw: -35.74524
    pitch: 9.599991
  mine:
    world: world
    x: -2831.580310486038
    y: 11.0
    z: -2274.411280006702
    yaw: -92.74926
    pitch: 47.400024
  day:
    world: world
    x: -2366.5
    y: 63.6875
    z: -1756.5
    yaw: 102.7987
    pitch: 0.0
nickname: §aTaki
