lastAccountName: Zusagi
timestamps:
  login: 1627904906783
  logout: 1627905630227
ipAddress: 114.122.203.247
logoutlocation:
  world: world
  x: -2414.114360628804
  y: 28.0
  z: -3841.769126490296
  yaw: -123.000015
  pitch: 30.90001
lastlocation:
  world: world
  x: -2413.699999988079
  y: 27.0
  z: -3841.8966222539384
  yaw: -17.91934
  pitch: 32.289833
