lastAccountName: Zusagi
timestamps:
  login: 1628014307789
  logout: 1628014315024
  lastteleport: 1628012395827
ipAddress: 114.122.232.1
logoutlocation:
  world: world
  x: 119.42988593581006
  y: 64.0
  z: 794.0539845253982
  yaw: 71.40001
  pitch: 9.300073
lastlocation:
  world: world
  x: -2279.300000011921
  y: 130.22159965276717
  z: -1594.6384772779238
  yaw: -113.54988
  pitch: 17.250048
money: '3285.0700000000001653'
homes:
  home:
    world: world_the_end
    x: 3.680266875539809
    y: 2.0
    z: -268.0387626938886
    yaw: 1.800415
    pitch: 55.49999
afk: false
nickname: Zusagi
