lastAccountName: Zusagi
timestamps:
  login: 1628078720939
  logout: 1628080969259
  lastteleport: 1628077868352
ipAddress: 182.1.184.246
logoutlocation:
  world: world
  x: -2268.593939320964
  y: 121.0
  z: -1583.5867502759913
  yaw: 152.98047
  pitch: 43.200447
lastlocation:
  world: world
  x: -1600.3656904303941
  y: 19.0
  z: -1364.1417655883663
  yaw: 174.6792
  pitch: 39.44995
money: '5857.0100000000001653'
homes:
  home:
    world: world_the_end
    x: 3.680266875539809
    y: 2.0
    z: -268.0387626938886
    yaw: 1.800415
    pitch: 55.49999
afk: false
nickname: Zusagi
