lastAccountName: dsgx
timestamps:
  login: 1628088150426
  logout: 1628088853957
  lastteleport: 1628084468802
ipAddress: 202.80.213.202
logoutlocation:
  world: world
  x: -2394.340371181538
  y: 86.0
  z: -1921.3642431286796
  yaw: -74.01416
  pitch: 17.550303
homes:
  home:
    world: world
    x: -2326.5811935283537
    y: 81.0
    z: -1691.9466430126724
    yaw: -20.699677
    pitch: -1.5000036
lastlocation:
  world: world
  x: -2394.4058844766228
  y: 86.0
  z: -1917.4458205609544
  yaw: 5.2658386
  pitch: 29.249796
money: '699.38'
mail:
- §6[§rchokoVanill§6] §rpls send me nudes
