lastAccountName: TsugMyDuck
timestamps:
  login: 1628180733589
  lastteleport: 1628180753355
  logout: 1628182407110
ipAddress: 139.255.161.241
lastlocation:
  world: world
  x: -2297.7573505878304
  y: 28.0
  z: -1681.762499988079
  yaw: -133.2196
  pitch: 8.924403
homes:
  spawner:
    world: world
    x: -816.1360922435734
    y: 52.5
    z: 930.2750308756714
    yaw: -28.53367
    pitch: 22.038769
  nacl:
    world: world
    x: -2297.326648154788
    y: 28.0
    z: -1679.5638507349704
    yaw: -79.88153
    pitch: 16.117277
afk: false
logoutlocation:
  world: world
  x: -816.9708830618398
  y: 54.0
  z: 925.3000000119209
  yaw: -9.918688
  pitch: 29.54805
mail:
- §6[§rchokoVanill§6] §rpls send me nudes
