lastAccountName: Zwittt
timestamps:
  login: 1628159494739
  logout: 1628159739300
  lastteleport: 1628159691849
ipAddress: 202.138.250.61
logoutlocation:
  world: world
  x: -2308.5
  y: 98.5
  z: -1734.5
  yaw: -90.0
  pitch: -0.36617607
lastlocation:
  world: world
  x: -2278.4431543967617
  y: 77.0
  z: -1608.1134567767917
  yaw: -120.740036
  pitch: 14.869274
money: '128281.8999999999994153'
afk: false
nickname: berternak
homes:
  home:
    world: world
    x: -2316.570961079417
    y: 112.0
    z: -1683.5617492762512
    yaw: 87.87053
    pitch: 47.156963
  op:
    world: world_nether
    x: -713.2359664641012
    y: 16.0
    z: -481.30000001192093
    yaw: 174.84613
    pitch: 28.482418
  house:
    world: world
    x: -2312.985980393056
    y: 113.0
    z: -1711.4542150079797
    yaw: 47.59134
    pitch: 29.580488
