lastAccountName: Zwittt
timestamps:
  login: 1628355346193
  logout: 1628368373259
  lastteleport: 1628367753505
ipAddress: 202.138.250.61
logoutlocation:
  world: world
  x: -2308.5
  y: 98.5
  z: -1734.5
  yaw: -21.891422
  pitch: 24.899975
lastlocation:
  world: world_nether
  x: 458.4617688343039
  y: 118.0
  z: 675.3139215069381
  yaw: -131.20312
  pitch: 24.937134
money: '115098.6099999999994153'
afk: false
nickname: berternak
homes:
  home:
    world: world
    x: -2316.570961079417
    y: 112.0
    z: -1683.5617492762512
    yaw: 87.87053
    pitch: 47.156963
  op:
    world: world_nether
    x: -713.2359664641012
    y: 16.0
    z: -481.30000001192093
    yaw: 174.84613
    pitch: 28.482418
  sea:
    world: world
    x: 645.7245039777438
    y: 64.0
    z: 3383.014947405348
    yaw: -83.768265
    pitch: 30.67966
mail:
- §6[§rchokoVanill§6] §rpls send me nudes
