lastAccountName: Zwittt
timestamps:
  login: 1628409621789
  logout: 1628411133360
  lastteleport: 1628410641885
ipAddress: 202.138.250.61
logoutlocation:
  world: world
  x: 674.9977978905222
  y: 44.0
  z: 3343.7756550307618
  yaw: -71.26831
  pitch: 17.431892
lastlocation:
  world: world
  x: -2324.633677296561
  y: 105.0
  z: -1720.195304426246
  yaw: 15.047791
  pitch: 0.28638852
money: '112998.6099999999994153'
afk: false
nickname: berternak
homes:
  home:
    world: world
    x: -2316.570961079417
    y: 112.0
    z: -1683.5617492762512
    yaw: 87.87053
    pitch: 47.156963
  op:
    world: world_nether
    x: -713.2359664641012
    y: 16.0
    z: -481.30000001192093
    yaw: 174.84613
    pitch: 28.482418
  sea:
    world: world
    x: 645.7245039777438
    y: 64.0
    z: 3383.014947405348
    yaw: -83.768265
    pitch: 30.67966
mail:
- §6[§rchokoVanill§6] §rpls send me nudes
