lastAccountName: Zwittt
timestamps:
  login: 1628240644239
  logout: 1628242104853
  lastteleport: 1628175201886
ipAddress: 202.138.250.61
logoutlocation:
  world: world
  x: -2322.654623323419
  y: 104.0
  z: -1715.501513890828
  yaw: -84.6142
  pitch: 15.017627
lastlocation:
  world: world
  x: -2294.9907485720573
  y: 116.0
  z: -1691.7262875885224
  yaw: 131.96423
  pitch: 6.538039
money: '105884.2799999999994153'
afk: false
nickname: berternak
homes:
  home:
    world: world
    x: -2316.570961079417
    y: 112.0
    z: -1683.5617492762512
    yaw: 87.87053
    pitch: 47.156963
  op:
    world: world_nether
    x: -713.2359664641012
    y: 16.0
    z: -481.30000001192093
    yaw: 174.84613
    pitch: 28.482418
  house:
    world: world
    x: -2312.985980393056
    y: 113.0
    z: -1711.4542150079797
    yaw: 47.59134
    pitch: 29.580488
