lastAccountName: Zwittt
timestamps:
  login: 1627918342976
  logout: 1627937057080
  lastteleport: 1627937024444
ipAddress: 202.138.250.61
logoutlocation:
  world: world
  x: -2546.1184781125476
  y: 36.0
  z: -1605.9600098090386
  yaw: 36.388107
  pitch: 7.3674726
lastlocation:
  world: world
  x: -2328.137499988079
  y: 105.0
  z: -1713.931125343501
  yaw: -116.36433
  pitch: 4.0279365
money: '4370.589999999999965'
