lastAccountName: Zwittt
timestamps:
  login: 1628265683189
  logout: 1628265688703
  lastteleport: 1628175201886
ipAddress: 202.138.250.61
logoutlocation:
  world: world
  x: -2326.300000011921
  y: 84.0
  z: -1701.7139188544224
  yaw: 61.644638
  pitch: 15.745679
lastlocation:
  world: world
  x: -2294.9907485720573
  y: 116.0
  z: -1691.7262875885224
  yaw: 131.96423
  pitch: 6.538039
money: '105884.2799999999994153'
afk: false
nickname: berternak
homes:
  home:
    world: world
    x: -2316.570961079417
    y: 112.0
    z: -1683.5617492762512
    yaw: 87.87053
    pitch: 47.156963
  op:
    world: world_nether
    x: -713.2359664641012
    y: 16.0
    z: -481.30000001192093
    yaw: 174.84613
    pitch: 28.482418
  house:
    world: world
    x: -2312.985980393056
    y: 113.0
    z: -1711.4542150079797
    yaw: 47.59134
    pitch: 29.580488
mail:
- §6[§rchokoVanill§6] §rpls send me nudes
