lastAccountName: Zwittt
timestamps:
  login: 1628514875994
  logout: 1628524929106
  lastteleport: 1628514892275
ipAddress: 202.138.250.61
logoutlocation:
  world: world
  x: -5858.699999988079
  y: 68.875
  z: 2094.699999988079
  yaw: -101.517456
  pitch: 34.786697
lastlocation:
  world: world
  x: 669.6848696562124
  y: 44.0
  z: 3339.9910570947877
  yaw: 152.51532
  pitch: 4.981915
money: '113133.0899999999994153'
afk: false
nickname: berternak
homes:
  home:
    world: world
    x: -2316.570961079417
    y: 112.0
    z: -1683.5617492762512
    yaw: 87.87053
    pitch: 47.156963
  op:
    world: world_nether
    x: -713.2359664641012
    y: 16.0
    z: -481.30000001192093
    yaw: 174.84613
    pitch: 28.482418
  sea:
    world: world
    x: 645.7245039777438
    y: 64.0
    z: 3383.014947405348
    yaw: -83.768265
    pitch: 30.67966
mail:
- §6[§rchokoVanill§6] §rpls send me nudes
