lastAccountName: Zwittt
timestamps:
  login: 1628703876891
  logout: 1628703924936
  lastteleport: 1628703889443
ipAddress: 202.138.250.61
logoutlocation:
  world: world
  x: -2309.1950357504716
  y: 113.0
  z: -1703.6685823007865
  yaw: -22.396393
  pitch: -9.600365
lastlocation:
  world: world
  x: -5858.322402890391
  y: 68.0
  z: 2093.347510177974
  yaw: 13.875641
  pitch: 49.067585
money: '113133.0899999999994153'
afk: false
nickname: berternak
homes:
  home:
    world: world
    x: -2316.570961079417
    y: 112.0
    z: -1683.5617492762512
    yaw: 87.87053
    pitch: 47.156963
  op:
    world: world_nether
    x: -713.2359664641012
    y: 16.0
    z: -481.30000001192093
    yaw: 174.84613
    pitch: 28.482418
  sea:
    world: world
    x: 645.7245039777438
    y: 64.0
    z: 3383.014947405348
    yaw: -83.768265
    pitch: 30.67966
mail:
- §6[§rchokoVanill§6] §rpls send me nudes
