lastAccountName: Zwittt
timestamps:
  login: 1627904881186
  logout: 1627904852233
ipAddress: 202.138.250.61
logoutlocation:
  world: world
  x: -2321.32955466782
  y: 108.0
  z: -1715.5647319770349
  yaw: 92.2758
  pitch: 17.576445
lastlocation:
  world: world
  x: -2322.2470706111176
  y: 105.0
  z: -1709.3674358694527
  yaw: 22.476562
  pitch: 40.566444
