lastAccountName: jojojooooo
timestamps:
  login: 1628400589442
  logout: 1628410740313
  lastteleport: 1628410738410
ipAddress: 103.130.131.19
logoutlocation:
  world: world
  x: -2328.5
  y: 77.0
  z: -1707.5
  yaw: -143.24243
  pitch: 45.495487
lastlocation:
  world: world
  x: 671.710654516105
  y: 44.0
  z: 3341.051158920314
  yaw: -157.8855
  pitch: 8.528718
money: '114533.7099999999997690'
afk: false
homes:
  home:
    world: world
    x: -2328.141889837806
    y: 83.0
    z: -1707.7319727572515
    yaw: -143.24243
    pitch: 45.495487
  basalt:
    world: world_nether
    x: -690.3000000119209
    y: 10.0
    z: -525.5892003371744
    yaw: 96.410095
    pitch: 3.0567837
nickname: bertani
mail:
- §6[§rchokoVanill§6] §rpls send me nudes
