lastAccountName: jojojooooo
timestamps:
  login: 1628255258907
  logout: 1628259366850
  lastteleport: 1628258582064
ipAddress: 103.130.131.19
logoutlocation:
  world: world
  x: -2334.2183505154753
  y: 90.0
  z: -1706.771627107829
  yaw: -0.5507202
  pitch: 12.522905
lastlocation:
  world: world
  x: -2287.699999988079
  y: 85.0
  z: -1636.699999988079
  yaw: -176.84473
  pitch: 41.55651
money: '114273.8299999999997690'
afk: false
homes:
  home:
    world: world
    x: -2328.141889837806
    y: 83.0
    z: -1707.7319727572515
    yaw: -143.24243
    pitch: 45.495487
  basalt:
    world: world_nether
    x: -690.3000000119209
    y: 10.0
    z: -525.5892003371744
    yaw: 96.410095
    pitch: 3.0567837
nickname: bertani
mail:
- §6[§rchokoVanill§6] §rpls send me nudes
