lastAccountName: jojojooooo
timestamps:
  login: 1628113989034
  logout: 1628119334039
  lastteleport: 1628118907701
ipAddress: 103.130.131.19
logoutlocation:
  world: world
  x: -2328.8745841513337
  y: 88.0
  z: -1706.0719495406352
  yaw: 85.683914
  pitch: 32.222893
lastlocation:
  world: world_nether
  x: -725.8505388035412
  y: 5.0
  z: -620.2742481388644
  yaw: -50.302795
  pitch: 11.085549
money: '99691.4299999999998030'
afk: false
homes:
  home:
    world: world
    x: -2328.141889837806
    y: 83.0
    z: -1707.7319727572515
    yaw: -143.24243
    pitch: 45.495487
  basalt:
    world: world_nether
    x: -690.3000000119209
    y: 10.0
    z: -525.5892003371744
    yaw: 96.410095
    pitch: 3.0567837
nickname: bertani
