lastAccountName: jojojooooo
timestamps:
  login: 1628167905189
  logout: 1628183363901
  lastteleport: 1628177719534
ipAddress: 103.130.131.19
logoutlocation:
  world: world
  x: -2349.300000011921
  y: 80.0
  z: -1685.405987087039
  yaw: 167.66211
  pitch: 13.506446
lastlocation:
  world: world
  x: -1883.300000011921
  y: 39.0
  z: -1410.699999988079
  yaw: 13.953339
  pitch: 21.467077
money: '114825.3499999999997690'
afk: false
homes:
  home:
    world: world
    x: -2328.141889837806
    y: 83.0
    z: -1707.7319727572515
    yaw: -143.24243
    pitch: 45.495487
  basalt:
    world: world_nether
    x: -690.3000000119209
    y: 10.0
    z: -525.5892003371744
    yaw: 96.410095
    pitch: 3.0567837
nickname: bertani
