lastAccountName: jojojooooo
timestamps:
  login: 1627905000377
  logout: 1627904852235
ipAddress: 103.130.131.19
logoutlocation:
  world: world
  x: -2328.418530237278
  y: 83.0
  z: -1708.0027962558415
  yaw: -7.970703
  pitch: 18.04466
lastlocation:
  world: world
  x: -2624.119449121954
  y: 54.0
  z: -1853.2751976223562
  yaw: 41.330994
  pitch: 25.307606
money: '89.25'
