lastAccountName: jojojooooo
timestamps:
  login: 1628512465689
  logout: 1628524932155
  lastteleport: 1628524541211
ipAddress: 103.130.131.19
logoutlocation:
  world: world
  x: -5856.300000011921
  y: 68.0
  z: 2093.3369293600454
  yaw: 82.000854
  pitch: 13.286643
lastlocation:
  world: world
  x: -5862.976786281707
  y: 106.0
  z: 1937.5799605448535
  yaw: 29.75064
  pitch: -8.209552
money: '116993.2099999999997690'
afk: false
homes:
  home:
    world: world
    x: -2328.141889837806
    y: 83.0
    z: -1707.7319727572515
    yaw: -143.24243
    pitch: 45.495487
  basalt:
    world: world_nether
    x: -690.3000000119209
    y: 10.0
    z: -525.5892003371744
    yaw: 96.410095
    pitch: 3.0567837
nickname: bertani
mail:
- §6[§rchokoVanill§6] §rpls send me nudes
