lastAccountName: jojojooooo
timestamps:
  login: 1628023336546
  logout: 1628030105509
  lastteleport: 1628027840869
ipAddress: 103.130.131.19
logoutlocation:
  world: world
  x: -2328.300000011921
  y: 77.0
  z: -1710.317402223438
  yaw: 138.99365
  pitch: 23.777958
lastlocation:
  world: world
  x: -2453.3897506739236
  y: 14.0
  z: -1938.0811397852624
  yaw: 101.9978
  pitch: 16.626165
money: '10728.9400000000000030'
afk: false
homes:
  home:
    world: world
    x: -2328.141889837806
    y: 83.0
    z: -1707.7319727572515
    yaw: -143.24243
    pitch: 45.495487
nickname: bertani
