lastAccountName: jojojooooo
timestamps:
  login: 1628400589442
  logout: 1628314492955
  lastteleport: 1628310791299
ipAddress: 103.130.131.19
logoutlocation:
  world: world
  x: -2316.2259013264134
  y: 112.0
  z: -1683.8312503655186
  yaw: 116.117805
  pitch: 15.776643
lastlocation:
  world: world
  x: -2278.8598140563904
  y: 77.0
  z: -1628.7783702895754
  yaw: -168.25189
  pitch: 9.363729
money: '114542.0799999999997690'
afk: false
homes:
  home:
    world: world
    x: -2328.141889837806
    y: 83.0
    z: -1707.7319727572515
    yaw: -143.24243
    pitch: 45.495487
  basalt:
    world: world_nether
    x: -690.3000000119209
    y: 10.0
    z: -525.5892003371744
    yaw: 96.410095
    pitch: 3.0567837
nickname: bertani
mail:
- §6[§rchokoVanill§6] §rpls send me nudes
