lastAccountName: Tumbal Project
timestamps:
  login: 1628332065839
  logout: 1628332799008
  lastteleport: 1628332717380
ipAddress: 120.188.95.31
logoutlocation:
  world: world
  x: -638.7953321521562
  y: 89.0
  z: 899.90859397209
  yaw: 1.6556396
  pitch: 34.26545
money: '2074.88999999999994796'
afk: false
lastlocation:
  world: world
  x: -2254.9612624538786
  y: 30.0
  z: -1811.9384588424982
  yaw: 121.91101
  pitch: 33.941555
nickname: tumbal
homes:
  farming:
    world: world
    x: -2297.7941500687957
    y: 28.0
    z: -1678.0510323255055
    yaw: 35.366943
    pitch: 20.179863
  ivan:
    world: world
    x: -630.1762674565678
    y: 94.0
    z: 900.6722727618067
    yaw: 91.36578
    pitch: 22.216497
  home:
    world: world
    x: -811.9516391932189
    y: 63.0
    z: 912.0076392203107
    yaw: -8.149811
    pitch: 6.4343677
mail:
- §6[§rchokoVanill§6] §rpls send me nudes
