lastAccountName: Tumbal Project
timestamps:
  login: 1628068855398
  logout: 1628072180864
  lastteleport: 1628071369506
ipAddress: 120.188.2.167
logoutlocation:
  world: world
  x: -814.044385447568
  y: 32.0
  z: 927.6218349882882
  yaw: 30.616425
  pitch: 11.365945
money: '1518.12999999999996896'
afk: false
lastlocation:
  world: world
  x: -2299.829100009548
  y: 28.5
  z: -1679.5986823515861
  yaw: -138.63165
  pitch: 21.621008
nickname: tumbal
homes:
  farming:
    world: world
    x: -2297.7941500687957
    y: 28.0
    z: -1678.0510323255055
    yaw: 35.366943
    pitch: 20.179863
  ivan:
    world: world
    x: -630.1762674565678
    y: 94.0
    z: 900.6722727618067
    yaw: 91.36578
    pitch: 22.216497
  home:
    world: world
    x: -811.9516391932189
    y: 63.0
    z: 912.0076392203107
    yaw: -8.149811
    pitch: 6.4343677
