lastAccountName: Tumbal Project
timestamps:
  login: 1627919139316
  logout: 1627920711447
  lastteleport: 1627920584592
ipAddress: 111.94.43.213
logoutlocation:
  world: world
  x: -791.5718244603931
  y: 63.0
  z: 877.3536284750743
  yaw: -9.1877365
  pitch: 24.049747
money: '22.78'
afk: false
lastlocation:
  world: world
  x: -791.6289253346754
  y: 63.0
  z: 884.0205896235011
  yaw: -6.899131
  pitch: 19.886868
