lastAccountName: Tumbal Project
timestamps:
  login: 1628154407139
  logout: 1628154689251
  lastteleport: 1628154421259
ipAddress: 111.94.38.20
logoutlocation:
  world: world
  x: -2358.472458387791
  y: 75.0
  z: -1861.31414474143
  yaw: 18.976746
  pitch: 21.238405
money: '2307.61999999999995396'
afk: false
lastlocation:
  world: world_nether
  x: -866.3000000119209
  y: 9.0
  z: -377.30000001192093
  yaw: -69.37604
  pitch: 9.387284
nickname: tumbal
homes:
  farming:
    world: world
    x: -2297.7941500687957
    y: 28.0
    z: -1678.0510323255055
    yaw: 35.366943
    pitch: 20.179863
  ivan:
    world: world
    x: -630.1762674565678
    y: 94.0
    z: 900.6722727618067
    yaw: 91.36578
    pitch: 22.216497
  home:
    world: world
    x: -811.9516391932189
    y: 63.0
    z: 912.0076392203107
    yaw: -8.149811
    pitch: 6.4343677
