lastAccountName: Tumbal Project
timestamps:
  login: 1628058266027
  logout: 1628008947771
  lastteleport: 1628058355927
ipAddress: 111.94.38.20
logoutlocation:
  world: world
  x: -828.4173836016523
  y: 65.0
  z: 928.4819233401943
  yaw: 0.8930359
  pitch: 14.32173
money: '60.93999999999999896'
afk: false
lastlocation:
  world: world
  x: -812.01487156157
  y: 37.0
  z: 925.3048104876308
  yaw: 29.873169
  pitch: 7.386144
nickname: tumbal
