lastAccountName: Tumbal Project
timestamps:
  login: 1627893925482
  logout: 1627894775290
ipAddress: 111.94.43.213
logoutlocation:
  world: world_nether
  x: -546.561516745271
  y: 37.0
  z: 91.3571018437356
  yaw: -156.0387
  pitch: 59.309875
