lastAccountName: Tumbal Project
timestamps:
  login: 1628241025389
  logout: 1628241449657
  lastteleport: 1628241157354
ipAddress: 114.4.215.137
logoutlocation:
  world: world
  x: -2295.300000011921
  y: 28.0
  z: -1679.047385142253
  yaw: 93.70471
  pitch: 19.494926
money: '2014.79999999999994796'
afk: false
lastlocation:
  world: world
  x: -2387.294714613475
  y: 85.0
  z: -1868.3166140284961
  yaw: 118.487
  pitch: 24.973597
nickname: tumbal
homes:
  farming:
    world: world
    x: -2297.7941500687957
    y: 28.0
    z: -1678.0510323255055
    yaw: 35.366943
    pitch: 20.179863
  ivan:
    world: world
    x: -630.1762674565678
    y: 94.0
    z: 900.6722727618067
    yaw: 91.36578
    pitch: 22.216497
  home:
    world: world
    x: -811.9516391932189
    y: 63.0
    z: 912.0076392203107
    yaw: -8.149811
    pitch: 6.4343677
