lastAccountName: Boba
timestamps:
  login: 1628175597239
  lastteleport: 1628138216969
  logout: 1628175642267
ipAddress: 180.252.127.20
lastlocation:
  world: world
  x: -1576.0676563975333
  y: 64.0
  z: -2023.3453297779959
  yaw: 71.591125
  pitch: 7.5004597
afk: false
homes:
  home:
    world: world
    x: -2271.3555637571976
    y: 88.0
    z: -1667.6384921963654
    yaw: -84.13159
    pitch: 5.2499776
logoutlocation:
  world: world
  x: -2273.7439819587066
  y: 87.0
  z: -1667.3787460031215
  yaw: 70.66699
  pitch: 14.099945
mail:
- §6[§rchokoVanill§6] §rpls send me nudes
