lastAccountName: Boba
timestamps:
  login: 1628054300157
  lastteleport: 1628054965255
ipAddress: 180.252.127.20
lastlocation:
  world: world
  x: -207.44217800320925
  y: 63.0
  z: 136.0710532780977
  yaw: -57.72927
  pitch: 32.399788
afk: true
