lastAccountName: Udin Sokbreker
timestamps:
  login: 1628175599489
  logout: 1628175636716
ipAddress: 180.244.175.84
logoutlocation:
  world: world
  x: -157.01136129511337
  y: 76.0
  z: 220.96520481787456
  yaw: 50.914017
  pitch: 17.549978
