lastAccountName: fardian10
timestamps:
  login: 1628175900639
  lastteleport: 1628174792782
  logout: 1628176489365
ipAddress: 180.244.175.84
lastlocation:
  world: world
  x: -2328.744111569413
  y: 82.0
  z: -1672.3338596701299
  yaw: 5.749176
  pitch: 18.599838
logoutlocation:
  world: world
  x: -2358.072413721794
  y: 63.0
  z: -1712.229725374051
  yaw: -31.984423
  pitch: 76.94991
afk: false
mail:
- §6[§rchokoVanill§6] §rpls send me nudes
