lastAccountName: rexstrawberryy
timestamps:
  login: 1628349527389
  lastteleport: 1628353549547
  logout: 1628354059398
ipAddress: 182.253.250.143
lastlocation:
  world: world
  x: -2354.713980845096
  y: 77.0
  z: -1832.1694725943605
  yaw: 1.0448303
  pitch: 15.749182
logoutlocation:
  world: world
  x: -2369.5206792398994
  y: 77.0
  z: -1823.4405159103806
  yaw: -157.32056
  pitch: 6.1499486
money: '4868.999999999999737'
homes:
  a:
    world: world
    x: -633.3550423341966
    y: 89.0
    z: 903.3538534601151
    yaw: -136.53186
    pitch: 32.549976
  b:
    world: world
    x: -2325.728835009793
    y: 82.0
    z: -1672.5057031712427
    yaw: 61.797394
    pitch: 6.527067
  c:
    world: world
    x: -2366.5
    y: 93.0625
    z: -1823.5
    yaw: -90.0
    pitch: 0.0
mail:
- §6[§rchokoVanill§6] §rpls send me nudes
