lastAccountName: rexstrawberryy
timestamps:
  login: 1628230462489
  lastteleport: 1628240618183
  logout: 1628240623355
ipAddress: 182.253.250.137
lastlocation:
  world: world
  x: -2336.49731001042
  y: 62.0
  z: -1730.083686898442
  yaw: -163.20491
  pitch: 2.850141
logoutlocation:
  world: world
  x: -2366.2646184713585
  y: 93.0625
  z: -1822.6054555447224
  yaw: 26.399975
  pitch: 19.949974
money: '5221.329999999999750'
homes:
  a:
    world: world
    x: -633.3550423341966
    y: 89.0
    z: 903.3538534601151
    yaw: -136.53186
    pitch: 32.549976
  b:
    world: world
    x: -2325.728835009793
    y: 82.0
    z: -1672.5057031712427
    yaw: 61.797394
    pitch: 6.527067
  c:
    world: world
    x: -2366.5
    y: 93.0625
    z: -1823.5
    yaw: -90.0
    pitch: 0.0
