lastAccountName: rexstrawberryy
timestamps:
  login: 1628148267096
  lastteleport: 1628154399913
  logout: 1628154807051
ipAddress: 182.253.250.137
lastlocation:
  world: world
  x: -829.3547962374214
  y: 66.0
  z: 936.914989232172
  yaw: -24.41687
  pitch: 49.950043
logoutlocation:
  world: world
  x: -2360.284290446334
  y: 77.0
  z: -1833.3257700266406
  yaw: 77.2923
  pitch: 16.349203
money: '5875.489999999999773'
homes:
  a:
    world: world
    x: -633.3550423341966
    y: 89.0
    z: 903.3538534601151
    yaw: -136.53186
    pitch: 32.549976
  b:
    world: world
    x: -825.5
    y: 65.6875
    z: 931.5
    yaw: 21.339203
    pitch: 0.0
  c:
    world: world
    x: -2357.9665264363252
    y: 76.0
    z: -1836.1421562514993
    yaw: -127.608185
    pitch: 11.549858
