lastAccountName: rexstrawberryy
timestamps:
  login: 1628057682982
  lastteleport: 1628057721801
  logout: 1628008581279
ipAddress: 182.253.124.30
lastlocation:
  world: world
  x: -679.1290312588611
  y: 72.49520087700593
  z: 918.1358211513361
  yaw: -151.66374
  pitch: 41.09969
logoutlocation:
  world: world
  x: -678.3048223303225
  y: 72.0
  z: 924.2623914504453
  yaw: 94.7941
  pitch: 0.7496822
