lastAccountName: rexstrawberryy
timestamps:
  login: 1628256178639
  lastteleport: 1628258225579
  logout: 1628258285212
ipAddress: 182.253.250.137
lastlocation:
  world: world
  x: -468.30000001192093
  y: 64.0
  z: 1097.699999988079
  yaw: -84.5011
  pitch: 12.749165
logoutlocation:
  world: world
  x: -636.6572179241535
  y: 85.0
  z: 866.0271641827301
  yaw: 140.52171
  pitch: 46.35003
money: '676.529999999999750'
homes:
  a:
    world: world
    x: -633.3550423341966
    y: 89.0
    z: 903.3538534601151
    yaw: -136.53186
    pitch: 32.549976
  b:
    world: world
    x: -2325.728835009793
    y: 82.0
    z: -1672.5057031712427
    yaw: 61.797394
    pitch: 6.527067
  c:
    world: world
    x: -2366.5
    y: 93.0625
    z: -1823.5
    yaw: -90.0
    pitch: 0.0
mail:
- §6[§rchokoVanill§6] §rpls send me nudes
