lastAccountName: rexstrawberryy
timestamps:
  login: 1628088400080
  lastteleport: 1628095186968
  logout: 1628095306308
ipAddress: 182.253.250.137
lastlocation:
  world: world
  x: -814.7580197114004
  y: 55.5
  z: 923.5063669363115
  yaw: -67.29346
  pitch: 32.099823
logoutlocation:
  world: world
  x: -2293.6425047704315
  y: 105.0
  z: -1680.438614398972
  yaw: -52.84204
  pitch: 30.29994
money: '862.619999999999976'
homes:
  a:
    world: world
    x: -633.3550423341966
    y: 89.0
    z: 903.3538534601151
    yaw: -136.53186
    pitch: 32.549976
  b:
    world: world
    x: -825.5
    y: 65.6875
    z: 931.5
    yaw: 21.339203
    pitch: 0.0
  c:
    world: world
    x: -2357.9665264363252
    y: 76.0
    z: -1836.1421562514993
    yaw: -127.608185
    pitch: 11.549858
