lastAccountName: Cupang5
timestamps:
  login: 1628102537976
  logout: 1628105338700
  lastteleport: 1628103411351
  jail: 0
ipAddress: 139.192.238.117
logoutlocation:
  world: world
  x: -2267.3473698051616
  y: 75.0
  z: -1635.699999988079
  yaw: 108.36804
  pitch: 6.6291976
lastlocation:
  world: world
  x: -2334.300000011921
  y: 48.05489334703208
  z: -1795.8298953805345
  yaw: 48.200897
  pitch: -13.461508
money: '88982.689999999999687'
afk: false
jailed: false
homes:
  home:
    world: world
    x: -2292.6603377691195
    y: 117.0
    z: -1703.0400291663216
    yaw: -156.44812
    pitch: 42.603455
