lastAccountName: Cupang5
timestamps:
  login: 1628240028789
  logout: 1628241443807
  lastteleport: 1628241014921
  jail: 0
ipAddress: 139.192.238.117
logoutlocation:
  world: world
  x: -2330.562807348411
  y: 76.0
  z: -1663.8448627432178
  yaw: -58.911987
  pitch: 33.83686
lastlocation:
  world: world
  x: -2334.0125013090965
  y: 79.5
  z: -1667.4758197904403
  yaw: 140.93433
  pitch: -8.872387
money: '93180.049999999999487'
afk: false
jailed: false
homes:
  home:
    world: world
    x: -2292.6603377691195
    y: 117.0
    z: -1703.0400291663216
    yaw: -156.44812
    pitch: 42.603455
  nether:
    world: world_nether
    x: -251.69999998807907
    y: 15.0
    z: 87.70002500033043
    yaw: -120.171074
    pitch: 14.824667
