lastAccountName: Cupang5
timestamps:
  login: 1628514979739
  logout: 1628516431206
  lastteleport: 1628516243887
  jail: 0
ipAddress: 139.192.238.117
logoutlocation:
  world: world
  x: -2300.219157290029
  y: 121.33017553725398
  z: -1704.369061309473
  yaw: 25.236572
  pitch: -4.0994163
lastlocation:
  world: world
  x: -2283.300000011921
  y: 114.0
  z: -1698.300000011921
  yaw: -111.488525
  pitch: -65.86234
money: '100545.649999999999487'
afk: false
jailed: false
homes:
  home:
    world: world
    x: -2292.6603377691195
    y: 117.0
    z: -1703.0400291663216
    yaw: -156.44812
    pitch: 42.603455
  nether:
    world: world_nether
    x: -251.69999998807907
    y: 15.0
    z: 87.70002500033043
    yaw: -120.171074
    pitch: 14.824667
  basalt:
    world: world_nether
    x: 392.2434134368958
    y: 67.0
    z: 692.6485898969148
    yaw: 165.16165
    pitch: 18.351572
mail:
- §6[§rchokoVanill§6] §rpls send me nudes
