lastAccountName: Cupang5
timestamps:
  login: 1628453420986
  logout: 1628453842399
  lastteleport: 1628453466110
  jail: 0
ipAddress: 139.192.238.117
logoutlocation:
  world: world
  x: -2358.3013002987827
  y: 66.0
  z: -1615.7148400526357
  yaw: 71.122986
  pitch: 3.7114768
lastlocation:
  world: world_nether
  x: 251.59038703231317
  y: 79.32156288645241
  z: 1305.5494266443307
  yaw: 1.1624146
  pitch: -6.9274592
money: '94714.649999999999487'
afk: false
jailed: false
homes:
  home:
    world: world
    x: -2292.6603377691195
    y: 117.0
    z: -1703.0400291663216
    yaw: -156.44812
    pitch: 42.603455
  nether:
    world: world_nether
    x: -251.69999998807907
    y: 15.0
    z: 87.70002500033043
    yaw: -120.171074
    pitch: 14.824667
  basalt:
    world: world_nether
    x: 392.2434134368958
    y: 67.0
    z: 692.6485898969148
    yaw: 165.16165
    pitch: 18.351572
mail:
- §6[§rchokoVanill§6] §rpls send me nudes
