lastAccountName: Cupang5
timestamps:
  login: 1628364920840
  logout: 1628365634003
  lastteleport: 1628364934504
  jail: 0
ipAddress: 139.192.238.117
logoutlocation:
  world: world_nether
  x: 256.9576414604247
  y: 78.0
  z: 1168.7783533252555
  yaw: -33.874874
  pitch: -11.414902
lastlocation:
  world: world
  x: -2302.319202772895
  y: 113.0
  z: -1695.2390860693629
  yaw: -79.81212
  pitch: 32.281273
money: '94714.649999999999487'
afk: false
jailed: false
homes:
  home:
    world: world
    x: -2292.6603377691195
    y: 117.0
    z: -1703.0400291663216
    yaw: -156.44812
    pitch: 42.603455
  nether:
    world: world_nether
    x: -251.69999998807907
    y: 15.0
    z: 87.70002500033043
    yaw: -120.171074
    pitch: 14.824667
  basalt:
    world: world_nether
    x: 392.2434134368958
    y: 67.0
    z: 692.6485898969148
    yaw: 165.16165
    pitch: 18.351572
mail:
- §6[§rchokoVanill§6] §rpls send me nudes
