lastAccountName: Cupang5
timestamps:
  login: 1627898862831
  logout: 1627901900396
ipAddress: 139.192.238.117
logoutlocation:
  world: world
  x: -2343.0979634456644
  y: 81.0
  z: -1673.855934664428
  yaw: -45.85977
  pitch: -0.8586972
