lastAccountName: Virneva
timestamps:
  login: 1627972086066
  logout: 1627973392073
ipAddress: 36.68.239.14
logoutlocation:
  world: world
  x: -851.5
  y: 58.0
  z: 769.5
  yaw: 2.6999955
  pitch: 0.7500001
