lastAccountName: Virneva
timestamps:
  login: 1628089359026
  logout: 1628091172942
ipAddress: 125.165.229.150
logoutlocation:
  world: world
  x: -855.7152273306535
  y: 58.0
  z: 769.384217128646
  yaw: 57.891357
  pitch: 21.89943
