lastAccountName: Virneva
timestamps:
  login: 1627890478321
  logout: 1627890762584
ipAddress: 125.165.225.71
logoutlocation:
  world: world
  x: -128.3896752269056
  y: 67.0
  z: 211.7471748835101
  yaw: 174.29901
  pitch: 29.699947
