lastAccountName: Virneva
timestamps:
  login: 1627917359066
  logout: 1627919054939
ipAddress: 125.165.225.71
logoutlocation:
  world: world
  x: -825.8531012933377
  y: 63.0
  z: 764.4213684858169
  yaw: 31.64331
  pitch: 19.050236
