lastAccountName: 97Kz
timestamps:
  login: 1627887222072
  logout: 1627887835732
ipAddress: 180.243.151.38
logoutlocation:
  world: world
  x: -2351.489892562309
  y: 80.0
  z: -1688.661928115608
  yaw: 82.73694
  pitch: 21.601397
