lastAccountName: Yanto Kopling
timestamps:
  login: 1628517823139
  lastteleport: 1628524501465
  logout: 1628524512612
ipAddress: 180.246.44.170
lastlocation:
  world: world
  x: -5710.774289327484
  y: 71.0
  z: 1781.91612698102
  yaw: 77.53197
  pitch: 6.8994303
afk: false
money: '114180.9100000000000002'
logoutlocation:
  world: world
  x: -2333.7126309399023
  y: 85.1875
  z: -1706.7297948188989
  yaw: -136.01971
  pitch: 35.250443
nickname: budaktambang
homes:
  tambang:
    world: world_nether
    x: -675.7602443650986
    y: 10.0
    z: -539.7795760938191
    yaw: -78.27969
    pitch: 16.35035
  rumah:
    world: world
    x: -2330.837282874579
    y: 90.0
    z: -1703.7491689413864
    yaw: 3.4848351
    pitch: 35.400448
  sand:
    world: world
    x: -4246.161742651548
    y: 63.0
    z: -1813.300000011921
    yaw: -5.492329
    pitch: 24.900043
mail:
- §6[§rchokoVanill§6] §rpls send me nudes
