lastAccountName: Yanto Kopling
timestamps:
  login: 1628263697639
  lastteleport: 1628188376811
  logout: 1628265725004
ipAddress: 180.254.251.173
lastlocation:
  world: world
  x: -2327.058441704436
  y: 84.0
  z: -1703.20356001896
  yaw: -161.51523
  pitch: 59.7005
afk: false
money: '14578.4499999999999999'
logoutlocation:
  world: world
  x: -2329.2489234179075
  y: 97.0
  z: -1701.892982417396
  yaw: 51.740387
  pitch: 33.14997
nickname: budaktambang
homes:
  tambang:
    world: world_nether
    x: -675.7602443650986
    y: 10.0
    z: -539.7795760938191
    yaw: -78.27969
    pitch: 16.35035
  rumah:
    world: world
    x: -2330.837282874579
    y: 90.0
    z: -1703.7491689413864
    yaw: 3.4848351
    pitch: 35.400448
mail:
- §6[§rchokoVanill§6] §rpls send me nudes
