lastAccountName: Yanto Kopling
timestamps:
  login: 1627919775550
  lastteleport: 1627923407186
  logout: 1627926392795
ipAddress: 180.254.251.173
lastlocation:
  world: world
  x: -2327.941666418043
  y: 83.0
  z: -1709.5234082419024
  yaw: -38.549774
  pitch: 11.250017
afk: false
money: '73.1599999999999997'
logoutlocation:
  world: world
  x: -2328.4416146539543
  y: 83.0
  z: -1698.18422673066
  yaw: -95.393555
  pitch: 67.79964
