lastAccountName: Yanto Kopling
timestamps:
  login: 1628485732289
  lastteleport: 1628440373957
  logout: 1628485807551
ipAddress: 180.246.44.170
lastlocation:
  world: world
  x: -2358.329245171452
  y: 63.0
  z: -1722.6794882799124
  yaw: -81.91917
  pitch: 6.149937
afk: false
money: '125810.4300000000000002'
logoutlocation:
  world: world
  x: -2331.2612419593543
  y: 85.1875
  z: -1706.1763412803389
  yaw: -9.037415
  pitch: 2.7344837
nickname: budaktambang
homes:
  tambang:
    world: world_nether
    x: -675.7602443650986
    y: 10.0
    z: -539.7795760938191
    yaw: -78.27969
    pitch: 16.35035
  rumah:
    world: world
    x: -2330.837282874579
    y: 90.0
    z: -1703.7491689413864
    yaw: 3.4848351
    pitch: 35.400448
  sand:
    world: world
    x: -4246.161742651548
    y: 63.0
    z: -1813.300000011921
    yaw: -5.492329
    pitch: 24.900043
mail:
- §6[§rchokoVanill§6] §rpls send me nudes
