lastAccountName: Yanto Kopling
timestamps:
  login: 1628401765089
  lastteleport: 1628326751884
  logout: 1628401678098
ipAddress: 36.72.216.96
lastlocation:
  world: world_nether
  x: -668.9020192546421
  y: 22.0
  z: -514.4562291338103
  yaw: 28.425323
  pitch: 21.299904
afk: false
money: '13600.0900000000000002'
logoutlocation:
  world: world
  x: -2313.1690438638925
  y: 77.0
  z: -1709.9139643441333
  yaw: -114.62842
  pitch: 11.848749
nickname: budaktambang
homes:
  tambang:
    world: world_nether
    x: -675.7602443650986
    y: 10.0
    z: -539.7795760938191
    yaw: -78.27969
    pitch: 16.35035
  rumah:
    world: world
    x: -2330.837282874579
    y: 90.0
    z: -1703.7491689413864
    yaw: 3.4848351
    pitch: 35.400448
  sand:
    world: world
    x: -4246.161742651548
    y: 63.0
    z: -1813.300000011921
    yaw: -5.492329
    pitch: 24.900043
mail:
- §6[§rchokoVanill§6] §rpls send me nudes
