lastAccountName: Legnum
timestamps:
  login: 1628158925889
  logout: 1628158453352
  lastteleport: 1628159323506
ipAddress: 180.244.161.1
logoutlocation:
  world: world
  x: -2338.137499988079
  y: 85.0
  z: -1669.137499988079
  yaw: -76.391884
  pitch: 18.38353
lastlocation:
  world: world
  x: -2283.6136055129314
  y: 90.0
  z: -1645.2766810741973
  yaw: -85.414474
  pitch: 36.365543
money: '101076.2600000000000356'
homes:
  home:
    world: world
    x: -2334.5461423453057
    y: 83.0
    z: -1659.4399543051409
    yaw: -174.2149
    pitch: 10.330448
  xpz:
    world: world_nether
    x: -691.1062538656466
    y: 9.0
    z: -632.886582182929
    yaw: -14.136108
    pitch: 26.31887
  mine0:
    world: world
    x: -3106.303457557817
    y: 5.0
    z: -1467.539265603138
    yaw: 0.4975586
    pitch: 10.690858
afk: true
