lastAccountName: Legnum
timestamps:
  login: 1628158925889
  logout: 1628183394848
  lastteleport: 1628181028585
ipAddress: 180.244.161.1
logoutlocation:
  world: world
  x: -2340.512499988079
  y: 84.0
  z: -1663.046556426217
  yaw: -89.72131
  pitch: 10.280123
lastlocation:
  world: world
  x: -2295.738462172021
  y: 78.0
  z: -1612.639527163056
  yaw: -123.00073
  pitch: 22.484291
money: '173337.8500000000000356'
homes:
  home:
    world: world
    x: -2334.5461423453057
    y: 83.0
    z: -1659.4399543051409
    yaw: -174.2149
    pitch: 10.330448
  xpz:
    world: world_nether
    x: -730.9902541252944
    y: 12.0
    z: -622.6999999880791
    yaw: 6.4754505
    pitch: 18.068367
  mine0:
    world: world
    x: -3106.303457557817
    y: 5.0
    z: -1467.539265603138
    yaw: 0.4975586
    pitch: 10.690858
afk: false
mail:
- §6[§rchokoVanill§6] §rpls send me nudes
