lastAccountName: Legnum
timestamps:
  login: 1628057490285
  logout: 1628057076201
  lastteleport: 1628057618921
ipAddress: 180.244.161.1
logoutlocation:
  world: world
  x: -187.0336783349377
  y: 71.0
  z: 190.07541526883315
  yaw: 37.107018
  pitch: 9.899922
lastlocation:
  world: world
  x: -185.7086049404832
  y: 72.0
  z: 197.53761013573657
  yaw: 59.130207
  pitch: 8.101697
