lastAccountName: Legnum
timestamps:
  login: 1628516134989
  logout: 1628517026058
  lastteleport: 1628434186790
ipAddress: 180.243.255.91
logoutlocation:
  world: world
  x: -2335.9789190401098
  y: 84.0
  z: -1666.288980636294
  yaw: -170.25505
  pitch: 11.172511
lastlocation:
  world: world
  x: -2419.5321200020635
  y: 63.0
  z: -1835.8120425820007
  yaw: -31.773804
  pitch: 14.408492
money: '170536.9700000000000356'
homes:
  home:
    world: world
    x: -2334.5461423453057
    y: 83.0
    z: -1659.4399543051409
    yaw: -174.2149
    pitch: 10.330448
  xpz:
    world: world_nether
    x: -730.9902541252944
    y: 12.0
    z: -622.6999999880791
    yaw: 6.4754505
    pitch: 18.068367
  mine0:
    world: world
    x: -3106.303457557817
    y: 5.0
    z: -1467.539265603138
    yaw: 0.4975586
    pitch: 10.690858
afk: false
mail:
- §6[§rchokoVanill§6] §rpls send me nudes
