lastAccountName: Legnum
timestamps:
  login: 1628082889539
  logout: 1628099403103
  lastteleport: 1628097746524
ipAddress: 180.244.161.1
logoutlocation:
  world: world
  x: -2334.5617855419086
  y: 83.0
  z: -1659.300000011921
  yaw: -177.85596
  pitch: -4.9024773
lastlocation:
  world: world
  x: -2311.73988932162
  y: 77.0
  z: -1608.243264809825
  yaw: 82.299805
  pitch: 25.977753
money: '90078.1500000000000356'
homes:
  home:
    world: world
    x: -2334.5461423453057
    y: 83.0
    z: -1659.4399543051409
    yaw: -174.2149
    pitch: 10.330448
  xpz:
    world: world_nether
    x: -709.6084568554922
    y: 13.0
    z: -538.0656410988424
    yaw: -1.3651123
    pitch: 9.592952
  mine0:
    world: world
    x: -3106.303457557817
    y: 5.0
    z: -1467.539265603138
    yaw: 0.4975586
    pitch: 10.690858
afk: false
