jails: 
  sky: 
    world: world
    x: -23972.953478915024
    y: 253.0
    z: -23972.299987304064
    yaw: -20.444336
    pitch: 9.149986
